

2021-10-12 06:07:12.251030

1; 263.4, 260.77, False


2021-10-12 06:10:05.494478

1; 260.3, 257.7, False
2; 257.7, 252.5, False
4; 257.7, 270.5, True
5; 270.5, 267.8, False
6; 267.8, 272.06, True
7; 272.06, 274.29, True
8; 274.29, 271.55, False
10; 274.29, 275.81, True
11; 275.81, 273.06, False
12; 273.06, 267.86, False
14; 273.06, 257.45, False
15; 257.45, 236.63, False
17; 257.45, 194.99, False
18; 194.99, 263.29, True
19; 263.29, 265.45, True
20; 265.45, 267.62, True
21; 267.62, 264.95, False
23; 267.62, 259.75, False
24; 259.75, 268.29, True
25; 268.29, 265.61, False
27; 268.29, 269.87, True
28; 269.87, 272.08, True
29; 272.08, 269.36, False
30; 269.36, 273.62, True
31; 273.62, 275.86, True
32; 275.86, 273.11, False
34; 275.86, 267.91, False
35; 267.91, 257.5, False
37; 267.91, 236.68, False
38; 236.68, 195.04, False
39
-65.26000000000002


2021-10-12 10:29:40.032646

1; 195.04, 193.09, False
2; 193.09, 196.29, True
3; 196.29, 197.9, True
4; 197.9, 199.52, True
5; 199.52, 197.53, False
7; 199.52, 197.25, False
8; 197.25, 203.65, True
9; 203.65, 202.0, False
11; 203.65, 201.41, False
12; 201.41, 193.61, False
14; 201.41, 178.01, False
15; 178.01, 146.81, False
16
-48.22999999999999


2021-10-12 10:44:48.622918

1; 146.81, 148.01, True
2; 148.01, 149.22, True
3; 149.22, 147.73, False
4; 147.73, 144.8, False
6; 147.73, 138.93, False
7; 138.93, 148.56, True
8; 148.56, 147.08, False
10; 148.56, 149.22, True
11; 149.22, 150.7, True
12; 150.7, 149.2, False
13; 149.2, 149.17, False
15; 149.2, 145.73, False
16; 145.73, 144.67, False
18; 145.73, 121.19, False
19; 121.19, 202.44, True
20; 202.44, 200.42, False
21
53.609999999999985


2021-10-12 11:47:34.036716

1; 39.77, 40.61, True
2; 40.61, 41.14, True
3; 41.14, 42.36, True
4; 42.36, 41.26, False
5; 41.26, 39.19, False
7; 41.26, 35.04, False
8; 35.04, 26.73, False
9
-13.040000000000003


2021-10-12 11:59:55.149101

1; 26.73, 25.69, False
2; 25.69, 23.61, False
4; 25.69, 19.72, False
5; 19.72, 15.28, False
6
3.539999999999999


2021-10-12 12:12:54.785799

1; 34.05, 33.03, False
2; 33.03, 31.4, False
4; 33.03, 29.54, False
5; 29.54, 18.92, False
6
-9.459999999999997


2021-10-12 13:17:24.301736

1; 38.64, 38.17, False
2; 38.17, 36.86, False
4; 38.17, 30.84, False
5; 30.84, 29.75, False
7; 30.84, 5.64, False


2021-10-12 14:13:05.070231

1; 10054.43, 10051.49, False
2; 10051.49, 10066.79, True
3; 10066.79, 10070.91, True
4; 10070.91, 10075.03, True
5; 10075.03, 10079.15, True
6; 10079.15, 10083.27, True
7; 10083.27, 10078.23, False
9; 10083.27, 10068.18, False
10; 10068.18, 10084.66, True
11; 10084.66, 10088.79, True
12; 10088.79, 10083.75, False
14; 10088.79, 10091.99, True
15; 10091.99, 10096.12, True
16; 10096.12, 10091.08, False
17; 10091.08, 10099.32, True
18; 10099.32, 10103.45, True
19; 10103.45, 10098.4, False
21; 10103.45, 10088.35, False
22; 10088.35, 10104.83, True
23; 10104.83, 10108.97, True
24; 10108.97, 10113.11, True
25; 10113.11, 10108.06, False
27; 10113.11, 10098.01, False
28; 10098.01, 10077.91, False
30; 10098.01, 10037.7, False
31; 10037.7, 10103.65, True
32; 10103.65, 10107.79, True
33; 10107.79, 10102.74, False
35; 10107.79, 10110.98, True
36; 10110.98, 10115.12, True
37; 10115.12, 10110.07, False
38; 10110.07, 10100.02, False
40; 10110.07, 10116.5, True
41; 10116.5, 10111.45, False
42; 10111.45, 10101.4, False
44; 10111.45, 10117.88, True
45; 10117.88, 10122.02, True
46; 10122.02, 10116.96, False
47; 10116.96, 10106.91, False
49; 10116.96, 10106.91, False
50; 10106.91, 10106.91, True
51; 10106.91, 10106.91, True
52; 10106.91, 10106.91, True
53; 10106.91, 10106.91, True
54; 10106.91, 10106.91, True
55; 10106.91, 10106.91, True
56; 10106.91, 10106.91, True
57; 10106.91, 10106.91, True
58; 10106.91, 10106.91, True
59; 10106.91, 10106.91, True
60; 10106.91, 10106.91, True
61; 10106.91, 10106.91, True
62; 10106.91, 10106.91, True
63; 10106.91, 10106.91, True
64; 10106.91, 10106.91, True
65; 10106.91, 10106.91, True
66; 10106.91, 10106.91, True
67; 10106.91, 10106.91, True
68; 10106.91, 10106.91, True
69; 10106.91, 10106.91, True
70; 10106.91, 10106.91, True
71; 10106.91, 10106.91, True
72; 10106.91, 10106.91, True
73; 10106.91, 10106.91, True
74; 10106.91, 10106.91, True
75; 10106.91, 10106.91, True
76; 10106.91, 10106.91, True
77; 10106.91, 10106.91, True
78; 10106.91, 10106.91, True
79; 10106.91, 10106.91, True
80; 10106.91, 10106.91, True
81; 10106.91, 10106.91, True
82; 10106.91, 10106.91, True
83; 10106.91, 10106.91, True
84; 10106.91, 10106.91, True
85; 10106.91, 10106.91, True
86; 10106.91, 10106.91, True
87; 10106.91, 10106.91, True
88; 10106.91, 10106.91, True
89; 10106.91, 10106.91, True
90; 10106.91, 10106.91, True
91; 10106.91, 10106.91, True
92; 10106.91, 10106.91, True
93; 10106.91, 10106.91, True
94; 10106.91, 10106.91, True
95; 10106.91, 10106.91, True
96; 10106.91, 10106.91, True
97; 10106.91, 10106.91, True
98; 10106.91, 10106.91, True
99; 10106.91, 10106.91, True
100; 10106.91, 10106.91, True
101; 10106.91, 10106.91, True
102; 10106.91, 10106.91, True
103; 10106.91, 10106.91, True
104; 10106.91, 10106.91, True
105; 10106.91, 10106.91, True
106; 10106.91, 10106.91, True
107; 10106.91, 10106.91, True
108; 10106.91, 10106.91, True
109; 10106.91, 10106.91, True
110; 10106.91, 10106.91, True
111; 10106.91, 10106.91, True
112; 10106.91, 10106.91, True
113; 10106.91, 10106.91, True
114; 10106.91, 10106.91, True
115; 10106.91, 10106.91, True
116; 10106.91, 10106.91, True
117; 10106.91, 10106.91, True
118; 10106.91, 10106.91, True
119; 10106.91, 10106.91, True
120; 10106.91, 10106.91, True
121; 10106.91, 10106.91, True
122; 10106.91, 10106.91, True
123; 10106.91, 10106.91, True
124; 10106.91, 10106.91, True
125; 10106.91, 10106.91, True
126; 10106.91, 10106.91, True
127; 10106.91, 10106.91, True
128; 10106.91, 10106.91, True
129; 10106.91, 10106.91, True
130; 10106.91, 10106.91, True
131; 10106.91, 10106.91, True
132; 10106.91, 10106.91, True
133; 10106.91, 10106.91, True
134; 10106.91, 10106.91, True
135; 10106.91, 10106.91, True
136; 10106.91, 10106.91, True
137; 10106.91, 10106.91, True
138; 10106.91, 10106.91, True
139; 10106.91, 10106.91, True
140; 10106.91, 10106.91, True
141; 10106.91, 10106.91, True
142; 10106.91, 10106.91, True
143; 10106.91, 10106.91, True
144; 10106.91, 10106.91, True
145; 10106.91, 10106.91, True
146; 10106.91, 10106.91, True
147; 10106.91, 10106.91, True
148; 10106.91, 10106.91, True
149; 10106.91, 10106.91, True
150; 10106.91, 10106.91, True
151; 10106.91, 10106.91, True
152; 10106.91, 10106.91, True
153; 10106.91, 10106.91, True
154; 10106.91, 10106.91, True
155; 10106.91, 10106.91, True
156; 10106.91, 10106.91, True
157; 10106.91, 10106.91, True
158; 10106.91, 10106.91, True
159; 10106.91, 10106.91, True
160; 10106.91, 10106.91, True
161; 10106.91, 10106.91, True
162; 10106.91, 10106.91, True
163; 10106.91, 10106.91, True
164; 10106.91, 10106.91, True
165; 10106.91, 10106.91, True
166; 10106.91, 10106.91, True
167; 10106.91, 10106.91, True
168; 10106.91, 10106.91, True
169; 10106.91, 10106.91, True
170; 10106.91, 10106.91, True
171; 10106.91, 10106.91, True
172; 10106.91, 10106.91, True
173; 10106.91, 10106.91, True
174; 10106.91, 10106.91, True
175; 10106.91, 10106.91, True
176; 10106.91, 10106.91, True
177; 10106.91, 10106.91, True
178; 10106.91, 10106.91, True
179; 10106.91, 10106.91, True
180; 10106.91, 10106.91, True
181; 10106.91, 10106.91, True
182; 10106.91, 10106.91, True
183; 10106.91, 10106.91, True
184; 10106.91, 10106.91, True
185; 10106.91, 10106.91, True
186; 10106.91, 10106.91, True
187; 10106.91, 10106.91, True
188; 10106.91, 10106.91, True
189; 10106.91, 10106.91, True
190; 10106.91, 10106.91, True
191; 10106.91, 10106.91, True
192; 10106.91, 10106.91, True
193; 10106.91, 10106.91, True
194; 10106.91, 10106.91, True
195; 10106.91, 10106.91, True
196; 10106.91, 10106.91, True
197; 10106.91, 10106.91, True
198; 10106.91, 10106.91, True
199; 10106.91, 10106.91, True
200; 10106.91, 10106.91, True
201; 10106.91, 10106.91, True
202; 10106.91, 10106.91, True
203; 10106.91, 10106.91, True
204; 10106.91, 10106.91, True
205; 10106.91, 10106.91, True
206; 10106.91, 10106.91, True
207; 10106.91, 10106.91, True
208; 10106.91, 10106.91, True
209; 10106.91, 10106.91, True
210; 10106.91, 10106.91, True
211; 10106.91, 10106.91, True
212; 10106.91, 10106.91, True
213; 10106.91, 10106.91, True
214; 10106.91, 10106.91, True
215; 10106.91, 10106.91, True
216; 10106.91, 10106.91, True
217; 10106.91, 10106.91, True
218; 10106.91, 10106.91, True
219; 10106.91, 10106.91, True
220; 10106.91, 10106.91, True
221; 10106.91, 10106.91, True
222; 10106.91, 10106.91, True
223; 10106.91, 10106.91, True
224; 10106.91, 10106.91, True
225; 10106.91, 10106.91, True
226; 10106.91, 10106.91, True
227; 10106.91, 10106.91, True
228; 10106.91, 10106.91, True
229; 10106.91, 10106.91, True
230; 10106.91, 10106.91, True
231; 10106.91, 10106.91, True
232; 10106.91, 10106.91, True
233; 10106.91, 10106.91, True
234; 10106.91, 10106.91, True
235; 10106.91, 10106.91, True
236; 10106.91, 10106.91, True
237; 10106.91, 10106.91, True
238; 10106.91, 10106.91, True
239; 10106.91, 10106.91, True
240; 10106.91, 10106.91, True
241; 10106.91, 10106.91, True
242; 10106.91, 10106.91, True
243; 10106.91, 10106.91, True
244; 10106.91, 10106.91, True
245; 10106.91, 10106.91, True
246; 10106.91, 10106.91, True
247; 10106.91, 10106.91, True
248; 10106.91, 10106.91, True
249; 10106.91, 10106.91, True
250; 10106.91, 10106.91, True
251; 10106.91, 10106.91, True
252; 10106.91, 10106.91, True
253; 10106.91, 10106.91, True
254; 10106.91, 10106.91, True
255; 10106.91, 10106.91, True
256; 10106.91, 10106.91, True
257; 10106.91, 10106.91, True
258; 10106.91, 10106.91, True
259; 10106.91, 10106.91, True
260; 10106.91, 10106.91, True
261; 10106.91, 10106.91, True
262; 10106.91, 10106.91, True
263; 10106.91, 10106.91, True
264; 10106.91, 10106.91, True
265; 10106.91, 10106.91, True
266; 10106.91, 10106.91, True
267; 10106.91, 10106.91, True
268; 10106.91, 10106.91, True
269; 10106.91, 10106.91, True
270; 10106.91, 10106.91, True
271; 10106.91, 10106.91, True
272; 10106.91, 10106.91, True
273; 10106.91, 10106.91, True
274; 10106.91, 10106.91, True
275; 10106.91, 10106.91, True
276; 10106.91, 10106.91, True
277; 10106.91, 10106.91, True
278; 10106.91, 10106.91, True
279; 10106.91, 10106.91, True
280; 10106.91, 10106.91, True
281; 10106.91, 10106.91, True
282; 10106.91, 10106.91, True
283; 10106.91, 10106.91, True
284; 10106.91, 10106.91, True
285; 10106.91, 10106.91, True
286; 10106.91, 10106.91, True
287; 10106.91, 10106.91, True
288; 10106.91, 10106.91, True
289; 10106.91, 10106.91, True
290; 10106.91, 10106.91, True
291; 10106.91, 10106.91, True
292; 10106.91, 10106.91, True
293; 10106.91, 10106.91, True
294; 10106.91, 10106.91, True
295; 10106.91, 10106.91, True
296; 10106.91, 10106.91, True
297; 10106.91, 10106.91, True
298; 10106.91, 10106.91, True
299; 10106.91, 10106.91, True
300; 10106.91, 10106.91, True
301; 10106.91, 10106.91, True
302; 10106.91, 10106.91, True
303; 10106.91, 10106.91, True
304; 10106.91, 10106.91, True
305; 10106.91, 10106.91, True
306; 10106.91, 10106.91, True
307; 10106.91, 10106.91, True
308; 10106.91, 10106.91, True
309; 10106.91, 10106.91, True
310; 10106.91, 10106.91, True
311; 10106.91, 10106.91, True
312; 10106.91, 10106.91, True
313; 10106.91, 10106.91, True
314; 10106.91, 10106.91, True
315; 10106.91, 10106.91, True
316; 10106.91, 10106.91, True
317; 10106.91, 10106.91, True
318; 10106.91, 10106.91, True
319; 10106.91, 10106.91, True
320; 10106.91, 10106.91, True
321; 10106.91, 10106.91, True
322; 10106.91, 10106.91, True
323; 10106.91, 10106.91, True
324; 10106.91, 10106.91, True
325; 10106.91, 10106.91, True
326; 10106.91, 10106.91, True
327; 10106.91, 10106.91, True
328; 10106.91, 10106.91, True
329; 10106.91, 10106.91, True
330; 10106.91, 10106.91, True
331; 10106.91, 10106.91, True
332; 10106.91, 10106.91, True
333; 10106.91, 10106.91, True
334; 10106.91, 10106.91, True
335; 10106.91, 10106.91, True
336; 10106.91, 10106.91, True
337; 10106.91, 10106.91, True
338; 10106.91, 10106.91, True
339; 10106.91, 10106.91, True
340; 10106.91, 10106.91, True
341; 10106.91, 10106.91, True
342; 10106.91, 10106.91, True
343; 10106.91, 10106.91, True
344; 10106.91, 10106.91, True
345; 10106.91, 10106.91, True
346; 10106.91, 10106.91, True
347; 10106.91, 10106.91, True
348; 10106.91, 10106.91, True
349; 10106.91, 10106.91, True
350; 10106.91, 10106.91, True
351; 10106.91, 10106.91, True
352; 10106.91, 10106.91, True
353; 10106.91, 10106.91, True
354; 10106.91, 10106.91, True
355; 10106.91, 10106.91, True
356; 10106.91, 10106.91, True
357; 10106.91, 10106.91, True
358; 10106.91, 10106.91, True
359; 10106.91, 10106.91, True
360; 10106.91, 10106.91, True
361; 10106.91, 10106.91, True
362; 10106.91, 10106.91, True
363; 10106.91, 10106.91, True
364; 10106.91, 10106.91, True
365; 10106.91, 10106.91, True


2021-10-12 22:39:31.896798

1; 300.0, 300.82, True
2; 300.82, 299.82, False
3; 299.82, 301.67, True
4; 301.67, 300.66, False
6; 301.67, 298.4, False
7; 298.4, 293.32, False
9; 298.4, 281.88, False
10; 281.88, 256.13, False
12; 281.88, 303.65, True
13; 303.65, 302.64, False
14; 302.64, 304.49, True
15; 304.49, 305.33, True
16; 305.33, 306.17, True
17; 306.17, 305.15, False
19; 306.17, 306.14, False
20; 306.14, 301.92, False
22; 306.14, 290.48, False
23; 290.48, 264.73, False
25; 290.48, 312.25, True
26; 312.25, 311.21, False
27; 311.21, 308.95, False
29; 311.21, 313.06, True
30; 313.06, 313.06, True
31; 313.06, 313.06, True
32; 313.06, 313.06, True
33; 313.06, 313.06, True
34; 313.06, 313.06, True
35; 313.06, 313.06, True
36; 313.06, 313.06, True
37; 313.06, 313.06, True
